#1 19x20
19 17 9 12 12 6 18 20 4 10 10 6 15 14 17 8 7 3 9 14 
15 6 1 3 8 11 5 3 14 4 4 12 20 12 15 11 17 12 3 13 
13 12 10 8 18 7 7 4 9 15 9 15 13 1 10 20 11 14 14 4 
17 17 7 9 20 14 11 9 17 13 13 10 17 2 17 6 20 3 9 8 
10 17 15 14 17 4 13 19 9 18 14 18 6 20 6 5 13 8 5 10 
1 17 11 9 11 7 14 10 9 14 10 10 2 4 3 18 19 7 8 7 
4 1 4 9 12 1 6 17 9 2 18 1 11 8 1 1 14 6 10 14 
19 19 4 20 14 6 9 12 13 16 11 8 8 14 9 19 7 14 15 7 
7 12 19 17 11 19 17 16 4 19 10 14 9 5 13 3 2 1 6 6 
8 16 14 15 2 2 13 20 7 20 6 13 3 16 2 14 6 10 9 1 
8 10 14 9 14 6 3 8 18 8 13 5 4 6 11 17 19 3 16 5 
14 13 10 17 8 11 2 13 20 10 13 20 12 6 8 17 3 10 4 20 
9 17 16 4 14 6 20 13 20 15 9 14 19 10 2 6 12 3 10 4 
4 2 3 15 19 2 12 1 3 7 12 3 3 19 7 9 4 6 13 16 
13 1 9 11 3 10 9 14 4 18 17 7 12 11 14 10 4 5 3 18 
11 6 1 6 5 7 14 20 4 18 15 8 18 15 11 12 16 19 6 19 
8 14 18 19 5 11 1 20 15 3 18 17 8 10 14 12 16 19 12 11 
16 18 19 6 13 9 17 8 7 14 19 6 8 16 5 4 6 5 3 12 
7 12 20 6 1 14 10 8 12 13 19 20 10 9 5 2 17 13 2 15 
#2 3x5
7 12 20 14 7 
4 9 4 20 3 
15 18 15 14 4 
#3 9x19
7 19 13 7 3 5 17 2 14 5 18 8 1 10 1 7 16 4 6 
1 10 2 1 5 1 4 19 19 10 4 14 8 3 6 14 5 2 10 
18 7 6 15 6 6 4 18 4 12 1 10 4 2 3 5 6 3 8 
16 13 9 20 6 16 14 3 10 10 16 11 7 15 17 1 20 14 4 
10 18 7 10 19 11 12 1 15 9 3 14 5 8 2 16 5 17 9 
20 18 18 7 9 16 1 5 16 13 10 11 2 7 18 11 5 20 14 
17 14 15 12 7 19 19 8 6 15 16 14 14 14 3 13 2 18 13 
18 5 5 19 15 6 18 4 9 14 3 14 11 8 8 2 14 18 12 
13 3 6 1 8 12 14 2 4 7 11 16 4 15 13 14 2 10 11 
#4 19x11
5 18 5 20 4 15 7 3 16 1 1 
19 5 15 4 5 15 7 18 16 10 16 
19 18 11 13 2 5 6 11 15 11 1 
19 10 4 5 16 6 12 8 18 10 5 
5 6 9 19 12 19 6 14 14 16 11 
5 1 12 1 6 14 15 8 14 6 9 
9 10 17 15 14 4 4 3 20 20 8 
9 18 12 19 16 5 4 11 7 20 11 
10 20 9 3 7 16 17 4 5 5 13 
1 11 18 16 7 1 16 6 20 16 16 
3 6 11 7 9 13 5 9 16 14 20 
4 17 6 19 5 9 15 1 14 7 12 
3 3 10 15 10 15 15 5 10 9 10 
12 16 10 5 20 18 12 6 10 15 2 
7 5 18 8 20 18 13 6 9 15 20 
10 10 9 5 16 5 6 4 14 18 11 
4 14 3 13 5 8 14 19 1 1 15 
18 20 6 15 12 12 16 18 3 5 7 
12 1 14 16 7 18 2 4 20 5 9 
#5 5x12
2 9 13 1 3 3 1 15 17 18 14 3 
5 17 6 20 14 8 16 1 11 17 14 19 
3 3 20 18 3 16 6 16 4 10 17 18 
4 9 4 20 19 17 14 3 13 11 14 19 
11 1 19 1 17 4 19 11 19 10 20 13 
#6 1x14
5 17 8 1 18 16 18 1 5 2 13 15 10 6 
#7 8x13
17 15 9 2 13 19 2 3 11 11 18 2 1 
16 11 13 20 16 9 20 16 7 7 5 7 11 
18 11 17 8 9 13 14 17 6 6 7 8 8 
17 18 17 18 10 5 9 14 4 4 3 3 11 
1 10 7 19 12 5 10 1 4 18 5 17 6 
11 2 12 10 1 8 19 17 6 8 1 6 2 
17 1 16 11 11 8 12 17 6 16 13 15 16 
16 4 20 12 9 10 5 20 11 5 20 9 14 
#8 8x9
5 9 6 2 2 14 2 17 5 
4 4 16 20 1 3 5 8 18 
20 11 18 4 12 19 8 11 10 
5 10 10 18 6 18 15 7 19 
9 8 7 5 3 2 12 3 3 
15 19 10 12 18 12 1 1 3 
12 1 6 13 5 15 2 14 13 
20 8 11 10 8 11 17 12 13 
#9 19x11
10 4 7 12 18 5 13 1 3 17 14 
15 19 5 15 4 9 11 11 10 4 15 
1 4 5 3 11 15 19 15 8 20 10 
6 4 7 11 16 19 5 4 12 11 3 
8 6 18 16 8 20 18 4 6 10 7 
11 12 9 17 2 15 16 2 4 2 5 
2 12 12 1 16 16 4 6 10 12 3 
19 19 3 11 8 6 16 18 4 6 9 
12 15 3 19 10 4 2 11 20 4 14 
11 16 9 18 19 7 19 2 1 10 13 
3 20 20 8 15 17 11 13 18 15 7 
20 13 16 15 6 19 14 9 12 16 4 
13 6 15 11 4 16 11 13 8 14 4 
8 13 19 16 16 3 5 2 9 4 14 
16 10 19 6 3 20 18 11 15 2 16 
9 12 11 5 2 16 4 7 19 3 12 
9 19 7 11 3 8 19 19 13 7 8 
3 12 3 14 1 5 9 2 20 17 13 
2 13 7 9 17 13 8 19 4 8 9 
#10 12x19
2 19 4 1 9 14 5 7 13 8 19 15 13 19 11 1 13 10 10 
5 4 2 3 12 10 16 11 1 11 19 9 5 17 4 5 17 17 10 
4 10 9 14 16 1 12 7 14 16 8 3 13 11 16 15 15 6 2 
5 6 13 15 6 9 3 10 13 20 18 2 15 7 10 8 15 3 11 
13 16 7 20 10 19 3 5 13 9 2 15 13 19 19 8 5 7 10 
6 11 1 3 13 15 2 14 2 16 8 13 20 3 19 19 12 9 13 
9 1 1 10 7 6 9 17 5 5 15 6 10 6 7 4 10 13 5 
15 15 12 3 19 11 17 9 2 1 17 6 9 9 7 10 16 12 18 
4 8 2 19 13 3 16 19 7 17 4 3 11 18 7 5 8 9 14 
16 10 14 4 16 14 12 14 3 19 17 13 3 4 14 13 16 17 20 
7 15 16 10 17 6 19 3 3 18 12 16 13 13 1 16 20 14 7 
13 8 18 1 20 20 4 6 4 12 14 3 10 20 18 11 16 15 1 
