#1 19x20
11 9 18 14 4 10 6 4 17 18 9 15 2 9 12 3 20 3 18 17 
6 1 10 20 10 9 9 12 17 16 12 7 4 9 12 20 10 9 15 6 
6 4 1 8 4 4 2 3 7 19 20 4 12 1 16 1 2 16 5 18 
11 16 16 7 5 19 6 14 7 20 12 13 15 4 12 18 7 13 13 5 
3 12 1 14 4 8 7 5 3 11 14 14 6 1 20 2 11 17 8 18 
16 19 2 3 2 13 20 20 17 12 5 19 15 17 13 11 4 11 7 6 
1 13 11 18 5 2 20 16 18 7 13 6 17 14 8 18 6 19 9 14 
3 5 12 9 1 16 19 16 6 6 2 6 18 4 4 2 6 15 17 15 
1 9 12 9 14 11 18 11 2 6 4 4 11 8 12 3 3 11 19 9 
8 12 6 5 7 1 18 4 15 15 19 7 15 2 15 1 5 12 11 6 
10 7 9 20 14 12 14 16 14 12 16 1 15 2 17 2 14 15 5 9 
9 15 15 15 9 2 15 13 5 6 18 14 4 18 5 17 1 19 12 15 
2 20 15 17 1 12 10 14 6 6 14 6 13 1 20 1 14 7 13 18 
4 2 12 7 11 8 3 11 6 6 5 8 5 12 16 17 15 17 11 12 
2 16 17 14 16 8 14 9 14 18 19 9 11 10 15 1 17 17 12 15 
3 8 14 19 11 9 16 5 17 6 16 18 13 4 4 1 4 9 9 9 
7 7 18 17 8 12 10 17 1 13 3 15 20 16 13 3 16 8 7 12 
5 15 1 18 10 4 18 13 13 18 14 11 17 11 19 16 14 20 4 6 
12 6 20 4 13 5 6 8 12 4 11 9 18 4 6 20 7 15 4 11 
#2 3x5
4 17 13 20 19 
12 8 5 11 11 
10 15 17 2 18 
#3 9x19
1 6 3 9 9 18 11 17 16 14 14 7 13 8 10 15 4 19 8 
3 17 11 10 13 1 13 15 15 1 8 4 1 13 6 1 13 16 12 
10 3 17 3 9 9 3 18 16 6 8 3 20 17 13 2 9 5 14 
15 20 14 2 3 14 14 1 15 19 16 18 8 18 14 2 18 15 16 
7 10 13 15 4 13 11 16 14 11 20 19 6 11 4 7 14 17 13 
6 3 11 13 12 10 2 18 3 19 12 19 5 13 3 11 16 15 13 
3 20 4 2 10 1 13 13 7 18 2 11 15 16 1 7 8 2 20 
17 5 10 20 15 6 12 17 17 19 4 9 1 15 4 2 5 4 6 
9 3 3 10 13 17 18 6 15 17 7 6 13 3 15 12 9 1 15 
#4 19x11
18 9 13 13 17 5 7 13 6 3 16 
4 4 18 6 13 3 15 2 8 1 18 
6 19 10 1 13 1 9 13 15 18 1 
19 10 10 3 9 2 1 3 9 4 6 
19 1 11 13 7 12 20 20 10 17 18 
11 17 10 12 18 15 18 15 7 9 17 
8 11 5 1 11 7 10 6 5 20 7 
15 12 5 6 3 4 7 19 1 18 16 
3 1 5 17 10 19 15 18 15 3 1 
11 3 11 10 4 9 14 3 7 8 14 
11 5 8 15 12 7 7 9 14 1 1 
18 17 10 8 4 8 15 6 8 5 8 
10 14 12 10 19 6 16 6 12 7 11 
19 13 14 17 11 2 10 12 14 19 20 
3 7 3 2 1 8 9 5 8 11 11 
11 20 9 16 16 7 19 14 17 18 18 
2 14 8 3 16 19 16 14 11 10 20 
13 12 20 13 12 17 12 2 7 2 2 
7 9 9 13 8 2 1 17 11 2 2 
#5 5x12
18 16 9 9 3 3 19 13 14 3 16 14 
7 7 2 18 1 20 11 2 6 12 2 11 
11 15 11 7 5 5 20 14 12 9 2 15 
11 12 19 4 7 6 9 5 12 2 3 12 
1 5 5 7 16 18 9 6 12 11 4 8 
#6 1x14
15 4 2 19 4 15 13 6 19 3 1 17 20 10 
#7 8x13
1 3 11 15 15 4 12 11 2 7 1 10 5 
4 20 20 12 7 15 5 5 18 11 9 3 1 
3 4 9 2 5 2 4 7 16 10 10 19 13 
11 18 13 12 2 16 12 1 19 18 16 3 14 
5 6 2 8 18 4 3 7 5 19 8 8 5 
15 10 7 14 2 9 11 14 1 4 9 4 4 
8 13 11 2 6 8 19 7 7 17 10 9 3 
6 19 2 5 3 16 14 1 9 15 10 11 20 
#8 8x9
2 14 9 17 10 8 9 12 1 
14 19 20 12 5 8 1 5 10 
18 3 11 2 18 18 16 18 7 
2 19 9 2 12 3 2 8 12 
1 16 3 13 1 14 12 12 10 
19 4 15 20 1 9 2 15 6 
20 10 16 18 3 6 6 16 18 
20 9 5 3 9 13 18 2 5 
#9 19x11
11 5 17 20 16 12 6 7 13 15 1 
7 20 20 8 15 9 2 13 6 18 10 
6 6 6 20 7 10 17 20 15 7 16 
3 19 11 14 4 10 18 18 10 4 10 
1 3 16 9 5 8 6 14 9 3 11 
15 3 17 4 19 8 10 18 4 12 8 
6 18 11 15 15 1 16 11 2 16 13 
9 16 9 17 2 2 5 4 5 11 18 
1 7 9 1 16 6 4 20 13 1 17 
15 8 11 7 3 1 20 19 6 9 14 
14 17 7 8 13 3 12 4 20 4 10 
8 4 17 5 19 8 9 12 4 4 19 
7 2 1 19 2 11 16 2 17 10 18 
3 9 10 5 20 5 17 15 14 4 11 
3 9 9 10 17 20 6 12 10 4 6 
11 2 19 13 18 20 9 19 9 12 7 
18 8 18 3 4 12 8 20 2 2 8 
3 4 16 14 9 20 4 12 5 6 5 
3 18 2 14 7 12 2 10 10 11 9 
#10 12x19
7 5 13 11 5 4 4 6 3 18 1 18 12 9 17 7 12 13 12 
17 7 9 10 12 15 14 5 16 3 16 5 2 12 17 12 8 12 7 
14 14 5 6 11 8 15 20 14 18 4 5 6 11 5 16 2 20 1 
7 7 3 14 11 4 17 19 7 5 10 14 10 3 10 15 6 9 1 
17 2 19 20 18 4 2 2 11 16 13 11 2 20 14 7 10 9 15 
9 16 19 10 1 8 13 2 15 10 10 15 6 3 13 5 20 17 7 
13 7 2 6 10 15 5 3 13 6 3 7 6 10 18 16 2 17 20 
3 11 9 4 6 14 6 10 10 17 6 16 10 5 9 15 6 15 11 
8 19 8 2 18 14 12 15 9 13 11 8 8 2 8 3 19 1 1 
8 10 17 6 18 18 10 18 4 7 13 6 6 3 14 7 20 7 10 
14 7 3 5 6 2 18 13 16 16 5 16 3 14 5 8 11 2 9 
9 6 15 13 3 20 15 16 19 15 14 8 8 20 2 4 17 15 1 
