#1 20x1
1 
11 
8 
5 
6 
3 
19 
2 
10 
1 
16 
11 
1 
13 
17 
13 
15 
9 
20 
11 
#2 5x7
7 6 4 14 13 16 16 
9 4 10 1 5 12 9 
1 10 11 19 11 12 12 
6 14 12 18 11 17 5 
11 8 15 17 13 10 2 
#3 19x1
17 
5 
9 
5 
1 
11 
18 
5 
2 
18 
17 
3 
20 
16 
14 
11 
19 
11 
17 
#4 11x14
2 1 19 10 5 9 17 11 17 9 20 18 18 17 
19 14 17 9 11 13 2 8 9 17 7 16 10 10 
6 12 6 8 4 4 9 20 4 6 10 20 6 2 
9 15 10 7 9 6 7 11 10 1 19 10 17 17 
18 18 18 15 9 15 14 5 18 3 4 13 20 6 
12 17 7 1 12 16 7 12 13 6 2 14 6 12 
15 2 1 12 19 18 19 19 13 12 15 2 14 19 
15 5 4 18 2 2 18 5 17 17 16 1 2 17 
14 19 1 8 12 1 12 10 10 10 20 14 1 15 
16 7 5 2 11 20 11 4 1 9 8 9 17 3 
9 10 12 14 8 4 13 19 4 16 20 5 17 11 
#5 12x14
19 10 17 6 16 1 19 18 12 9 2 12 17 9 
20 5 4 20 14 7 5 13 10 18 3 5 5 14 
9 2 17 19 11 13 4 18 6 2 15 17 11 8 
1 19 9 12 16 12 12 9 10 8 14 11 5 8 
7 10 2 7 3 18 6 13 2 1 2 7 3 16 
16 5 16 16 15 4 19 10 7 10 11 16 10 4 
18 14 11 4 15 4 10 9 13 7 1 15 8 14 
13 2 10 20 6 17 7 12 20 6 2 6 7 12 
13 16 7 10 2 9 5 8 13 14 17 17 13 9 
11 20 3 16 13 4 15 10 20 2 1 19 7 2 
16 13 5 8 9 3 17 2 4 13 9 8 6 5 
4 10 14 7 1 16 2 13 19 16 2 10 9 3 
#6 14x1
8 
7 
16 
3 
20 
13 
10 
20 
7 
18 
13 
10 
10 
1 
#7 13x18
17 7 6 1 9 11 7 9 6 8 2 16 15 3 5 16 17 4 
2 5 18 13 17 19 4 3 16 16 13 17 17 9 15 14 1 3 
4 7 4 1 6 5 8 13 19 4 8 8 7 1 12 16 14 20 
14 9 2 1 17 6 9 5 7 3 18 7 18 13 6 1 13 11 
17 12 15 7 15 14 6 13 15 17 20 20 16 13 8 10 13 16 
7 1 20 13 15 17 12 4 1 9 16 5 11 12 16 6 11 2 
19 16 6 5 5 5 4 12 17 4 1 1 19 20 1 19 4 8 
7 7 11 8 15 7 12 6 10 8 3 20 1 1 8 7 6 12 
11 1 3 20 4 16 20 3 7 1 13 10 8 19 17 10 6 3 
16 18 20 18 17 2 17 17 15 16 3 12 19 14 12 14 13 16 
9 12 10 7 4 2 8 3 20 4 13 18 19 20 15 18 17 11 
20 6 7 6 1 2 17 12 15 8 5 19 3 13 2 4 11 18 
5 18 12 17 14 4 14 12 16 20 1 12 10 20 9 8 5 2 
#8 9x10
9 13 13 15 1 17 5 15 1 19 
19 11 16 15 8 7 3 1 3 8 
4 18 7 5 1 8 16 2 16 13 
3 16 5 15 3 5 11 7 20 3 
5 10 13 12 16 20 11 19 13 13 
6 16 2 5 12 14 12 8 15 19 
20 9 15 4 3 9 1 5 15 12 
7 12 13 19 15 8 11 5 18 15 
9 4 10 2 8 2 8 11 1 14 
#9 11x16
10 20 3 16 15 5 4 15 10 10 18 8 1 10 19 8 
18 9 4 7 3 13 10 4 6 9 17 13 12 17 7 1 
16 9 8 3 5 11 9 6 20 7 14 13 16 12 12 5 
12 15 12 6 19 13 9 5 14 6 9 5 2 7 17 10 
7 4 12 4 6 20 9 17 18 14 9 14 17 12 10 8 
7 13 5 5 18 14 1 3 11 2 7 4 8 15 13 7 
10 16 10 15 16 18 11 13 4 12 18 20 3 20 20 9 
4 4 6 1 17 6 3 19 7 1 3 7 7 7 13 16 
3 2 10 10 11 13 2 14 16 12 14 18 3 13 19 6 
8 16 19 17 13 13 15 12 6 17 18 12 4 2 8 18 
15 9 7 5 1 8 11 8 11 4 18 5 8 8 11 15 
#10 19x10
3 1 11 15 13 18 18 10 14 15 
2 9 8 9 6 2 17 12 7 10 
12 17 17 14 12 6 19 11 13 1 
17 15 13 20 2 17 17 11 7 2 
6 8 11 5 8 8 7 4 12 5 
5 15 13 14 20 4 19 18 6 4 
10 2 10 2 1 3 19 17 14 5 
19 11 4 1 15 11 20 1 6 3 
5 3 17 17 16 17 12 6 6 17 
9 16 19 19 9 11 13 19 8 6 
3 18 16 18 10 11 8 1 11 6 
4 8 8 12 4 3 20 8 20 6 
4 1 13 14 19 1 5 3 20 4 
9 14 13 4 4 14 14 3 14 17 
8 9 4 15 1 19 17 12 6 9 
9 2 9 1 15 19 14 19 1 5 
2 9 10 6 13 13 19 18 16 13 
6 3 13 9 18 5 20 6 17 5 
6 5 18 14 18 13 12 11 3 13 
