#1 20x1
15 
17 
13 
16 
2 
17 
9 
1 
7 
16 
5 
12 
10 
17 
13 
19 
2 
12 
5 
10 
#2 5x7
8 10 14 6 16 11 10 
7 13 12 11 19 8 16 
15 10 12 15 10 10 2 
14 2 11 2 14 10 3 
17 6 4 16 15 10 1 
#3 19x1
2 
20 
10 
9 
5 
14 
11 
3 
1 
6 
9 
10 
10 
15 
11 
19 
16 
16 
12 
#4 11x14
19 18 17 8 12 13 13 16 9 19 5 1 1 16 
3 1 12 16 3 7 8 1 15 18 10 2 20 20 
9 16 4 7 13 20 14 16 13 18 11 13 17 7 
5 9 15 7 1 6 14 3 12 2 3 19 11 4 
20 10 4 8 5 7 7 9 18 20 5 10 10 7 
14 18 14 19 6 20 17 6 5 3 8 17 16 3 
7 6 6 6 15 1 5 12 7 11 20 5 3 16 
6 4 3 12 1 8 10 6 19 18 3 3 20 2 
11 15 4 17 12 10 14 19 10 11 10 9 1 1 
5 15 9 2 18 3 13 18 10 14 15 8 4 9 
2 15 11 13 2 6 1 13 7 15 11 9 5 12 
#5 12x14
9 17 5 13 4 13 6 1 15 11 11 16 16 17 
15 19 18 8 14 20 20 15 5 13 19 12 7 10 
12 3 13 20 19 17 4 2 1 9 15 7 11 17 
2 7 13 8 5 2 16 10 1 7 4 6 19 15 
9 5 4 12 7 8 11 18 17 14 19 17 14 5 
4 17 1 17 3 6 5 19 7 20 9 8 6 12 
5 17 18 5 1 1 16 20 1 6 17 17 11 7 
5 16 12 8 4 4 17 6 1 1 5 8 12 13 
7 9 16 3 5 14 7 18 6 14 17 6 11 5 
14 13 11 19 8 14 18 12 10 14 9 10 6 13 
9 9 17 7 10 5 9 14 18 7 3 15 20 19 
13 10 15 6 2 18 16 2 11 6 5 12 11 5 
#6 14x1
2 
17 
10 
10 
17 
6 
17 
6 
10 
17 
12 
19 
16 
14 
#7 13x18
14 15 5 6 17 19 3 10 16 11 3 19 16 19 10 6 4 11 
14 13 13 11 10 1 8 20 9 19 10 4 5 15 11 9 12 7 
19 15 8 15 5 3 5 12 1 14 17 16 17 11 8 9 13 18 
1 20 9 9 11 10 13 15 5 3 3 16 1 1 2 20 7 18 
2 11 9 15 17 6 10 13 8 10 13 20 19 13 19 19 13 1 
8 17 15 4 11 9 20 3 2 1 3 8 11 16 11 19 10 19 
16 12 11 3 1 15 2 11 19 13 9 11 13 16 8 20 20 10 
8 11 13 9 3 15 9 13 2 11 12 4 9 19 15 19 2 7 
5 15 17 3 19 5 5 4 12 12 3 3 14 10 13 6 11 16 
20 19 20 1 9 3 4 17 2 10 7 3 16 11 9 12 5 8 
8 9 11 20 13 13 2 6 14 15 11 16 2 2 14 1 2 14 
4 18 2 5 19 20 19 15 10 7 18 14 14 6 3 16 17 15 
8 18 12 14 4 2 9 5 3 15 18 16 20 1 5 2 17 4 
#8 9x10
13 15 10 3 13 19 8 7 16 2 
2 12 8 2 2 19 7 5 12 15 
2 14 1 19 10 1 11 14 14 19 
9 6 13 18 20 5 9 20 3 4 
13 17 16 13 18 9 3 16 13 15 
2 14 8 3 4 17 15 6 3 20 
4 3 17 8 1 9 5 1 8 7 
4 12 3 11 4 12 19 7 19 4 
1 1 9 20 3 13 9 9 18 3 
#9 11x16
8 2 5 16 9 17 4 13 17 11 12 13 15 6 3 18 
10 14 16 8 17 8 8 5 8 2 9 8 10 19 10 9 
20 14 5 20 11 8 5 7 11 8 19 5 13 14 14 14 
7 10 2 15 9 1 11 16 3 20 15 4 18 4 5 9 
18 9 20 8 8 16 6 10 3 17 6 8 10 12 1 8 
13 14 2 1 15 4 9 9 15 3 12 4 7 16 12 16 
16 4 3 16 11 20 5 14 16 3 13 17 14 13 4 6 
19 17 6 13 1 14 13 15 9 4 19 15 12 2 10 19 
17 4 14 8 15 11 1 11 13 13 7 18 17 3 3 15 
19 8 19 19 14 3 6 2 7 16 8 10 17 9 20 14 
4 14 13 18 16 13 8 20 17 7 17 5 9 19 12 19 
#10 19x10
18 2 18 3 5 15 16 3 10 3 
4 18 3 3 3 6 8 15 4 3 
19 3 14 7 1 10 12 1 20 15 
20 18 8 9 20 12 3 8 6 12 
10 9 1 5 12 4 10 11 18 5 
14 17 20 19 3 12 9 6 13 8 
20 12 17 8 20 9 11 2 16 17 
5 17 5 5 1 8 8 3 19 18 
19 4 14 10 2 8 2 2 14 14 
10 5 17 18 4 16 6 7 9 1 
3 5 18 19 1 10 19 1 12 9 
18 3 12 3 12 5 10 13 7 15 
18 8 20 14 17 15 9 3 1 9 
15 3 13 4 14 6 14 12 6 17 
20 3 19 3 17 11 19 6 15 17 
1 13 4 12 6 1 6 7 15 7 
15 9 1 20 5 14 5 18 17 2 
14 8 16 5 2 12 7 1 17 1 
17 9 13 13 20 19 5 6 17 19 
